2 -0.608421 1.554742 -0.355187 -0.256235 -0.081414 -0.253485
1 0.281708 -0.107884 -0.000436 -0.087548 -0.008579 -0.077261
6 0.010491 -0.224701 0.052204 0.041526 0.041170 0.079310
6 -0.075937 -0.049990 0.010178 0.025424 0.031087 0.059239
2 -0.193193 0.447867 -0.105313 -0.078586 -0.009880 -0.060895
6 -0.011488 -0.215207 0.046662 0.049368 0.040071 0.090593
2 0.056822 0.107281 -0.039367 -0.067242 -0.005649 -0.051846
6 0.041629 -0.202176 0.040544 0.021443 0.039215 0.059345
2 0.023115 0.068417 -0.027492 -0.045081 0.002170 -0.021130
1 0.243999 -0.115043 0.001489 -0.073260 -0.002627 -0.054558
1 0.108237 -0.299838 0.060041 0.026248 0.039642 0.065670
6 0.054990 -0.297788 0.061985 0.045938 0.045068 0.089807
6 -0.003451 -0.202217 0.048262 0.043936 0.038213 0.075257
6 -0.110492 -0.015799 0.004199 0.027980 0.032607 0.061504
2 -0.148953 0.128916 -0.029865 -0.003211 0.022584 0.030528
2 -0.145872 0.120000 -0.027261 -0.000236 0.020842 0.032527
1 0.126510 -0.269376 0.047722 0.010039 0.034049 0.051056
2 -0.695434 1.784868 -0.411970 -0.293841 -0.095546 -0.288077
1 0.134048 -0.025404 -0.015836 -0.057468 0.001355 -0.036695
1 0.104204 -0.293290 0.056026 0.023164 0.041551 0.068345
6 -0.013089 -0.210039 0.051038 0.045650 0.042991 0.083449
1 0.271768 -0.040198 -0.019522 -0.103433 -0.015220 -0.093395
1 0.239288 -0.046168 -0.017945 -0.091076 -0.009103 -0.074997
1 0.115084 0.012736 -0.017192 -0.059159 -0.003348 -0.048121
6 0.052546 -0.212625 0.039850 0.025140 0.033118 0.061971
2 -0.399844 1.001925 -0.242897 -0.175818 -0.030485 -0.152880
1 0.273795 -0.123987 0.005371 -0.080538 -0.005839 -0.068802
2 -0.105489 0.082097 -0.020061 -0.001947 0.019929 0.025472
6 0.092232 -0.352575 0.071304 0.044005 0.048947 0.096087
6 0.012854 -0.140595 0.029692 0.019113 0.032166 0.046770
2 -0.541306 1.323859 -0.304947 -0.212841 -0.062683 -0.202082
6 -0.045938 -0.232357 0.051683 0.068006 0.049622 0.108984
6 0.022235 -0.186818 0.035376 0.022867 0.037097 0.069243
2 -0.570610 1.488940 -0.346253 -0.251359 -0.076010 -0.244709
1 0.190183 -0.033962 -0.015438 -0.080425 -0.002631 -0.057726
1 0.086424 0.025968 -0.022983 -0.055892 0.000056 -0.033573
1 0.145055 -0.112467 0.011366 -0.040821 0.012287 -0.015420
2 -0.647149 1.699712 -0.391515 -0.285984 -0.090071 -0.284993
2 -0.010898 0.170376 -0.055574 -0.066934 -0.001553 -0.035416
6 0.044355 -0.251093 0.053506 0.036651 0.040892 0.075690
2 -0.167620 0.337531 -0.080295 -0.056241 -0.001210 -0.032164
6 0.017166 -0.199663 0.039538 0.035096 0.037179 0.070685
6 0.042642 -0.284730 0.062643 0.050329 0.042409 0.086708
6 0.000559 -0.206173 0.047803 0.041876 0.038067 0.077868
1 0.135450 0.044626 -0.034311 -0.081891 -0.005911 -0.057964
6 0.011547 -0.243825 0.052526 0.047896 0.041666 0.090191
1 0.133388 0.005449 -0.016578 -0.070282 0.000724 -0.052700
2 0.070458 0.144130 -0.052985 -0.081149 -0.013006 -0.067448
2 -0.454857 1.166592 -0.272667 -0.205401 -0.047360 -0.186307
6 0.046442 -0.283735 0.057167 0.040994 0.048114 0.091018
6 0.061102 -0.284670 0.064961 0.041775 0.037379 0.079453
2 -0.108649 0.078124 -0.020532 0.000289 0.020109 0.030659
6 -0.019987 -0.131787 0.025258 0.023787 0.035208 0.067522
6 0.004911 -0.164102 0.033694 0.021968 0.036697 0.066830
2 -0.582195 1.513627 -0.349459 -0.254294 -0.077773 -0.249907
1 0.111815 0.088622 -0.041033 -0.082827 -0.009382 -0.067195
6 0.050758 -0.267935 0.053662 0.040423 0.043141 0.079950
2 -0.537520 1.302739 -0.302152 -0.209194 -0.057759 -0.196115
2 0.036676 0.055137 -0.025372 -0.047636 0.008266 -0.027072
6 0.040937 -0.249983 0.052493 0.035757 0.042496 0.078300
6 0.018002 -0.218669 0.046590 0.039979 0.037638 0.076460
2 0.095377 0.137050 -0.051383 -0.088953 -0.013454 -0.078638
1 0.084658 -0.162505 0.031294 -0.002107 0.024751 0.023909
6 0.059493 -0.270172 0.054325 0.033751 0.044063 0.078540
1 0.134648 0.049222 -0.029612 -0.078854 -0.007563 -0.067841
2 0.030454 0.056268 -0.025048 -0.045984 0.006404 -0.022094
6 0.015789 -0.208703 0.050234 0.035448 0.039026 0.068206
6 0.049640 -0.229890 0.043672 0.027784 0.036286 0.072508
6 0.010272 -0.198239 0.037268 0.034798 0.040193 0.075708
2 -0.216414 0.367715 -0.081835 -0.051264 0.008788 -0.026991
2 -0.205952 0.255994 -0.054388 -0.019552 0.014629 0.009269
6 -0.018523 -0.209399 0.050721 0.049976 0.041604 0.085621
2 -0.153678 0.201518 -0.047886 -0.022970 0.014935 0.008080
1 0.195605 0.065319 -0.037583 -0.103152 -0.020836 -0.099353
2 -0.041528 0.193574 -0.052664 -0.058371 -0.003111 -0.037901
6 0.055755 -0.243233 0.049125 0.026120 0.040778 0.071454
6 0.031798 -0.224153 0.043390 0.030661 0.042614 0.075689
6 0.048773 -0.282396 0.057537 0.045229 0.043983 0.086873
6 -0.008273 -0.196689 0.042783 0.043086 0.035731 0.083363
1 0.078677 -0.263865 0.051189 0.025599 0.039128 0.069273
2 -0.459001 1.190387 -0.276014 -0.209326 -0.052697 -0.193349
1 0.109586 -0.279502 0.059194 0.024787 0.033250 0.052685
1 0.055676 -0.188840 0.034337 0.016586 0.030872 0.051369
1 0.254563 -0.085785 -0.008561 -0.086227 -0.005165 -0.068825
2 -0.048340 0.424946 -0.109172 -0.118881 -0.027785 -0.120768
2 -0.210775 0.390899 -0.084055 -0.060110 0.003283 -0.039242
2 -0.739208 1.987679 -0.458341 -0.338463 -0.107915 -0.343753
1 0.102570 -0.182567 0.032473 -0.005746 0.026001 0.027268
6 0.031921 -0.249325 0.057151 0.044212 0.039662 0.076378
1 0.158919 0.057057 -0.036014 -0.089217 -0.014025 -0.076720
2 -0.171006 0.159945 -0.031841 -0.000891 0.016894 0.026899
2 -0.135245 0.219188 -0.054501 -0.036779 0.014021 -0.006684
6 0.031757 -0.274833 0.059715 0.050801 0.043955 0.088606
6 0.005510 -0.263163 0.058579 0.056447 0.044441 0.098186
6 0.046513 -0.283933 0.058389 0.047531 0.042895 0.088605
6 0.016735 -0.200352 0.037899 0.034626 0.034372 0.076719
6 0.037671 -0.225460 0.042667 0.029085 0.039698 0.076340
1 0.327915 -0.078532 -0.012538 -0.112067 -0.017766 -0.107012
1 0.294162 -0.045730 -0.021112 -0.111434 -0.015081 -0.100805
6 0.062323 -0.286832 0.058052 0.037977 0.044837 0.083642
1 0.086873 -0.318662 0.064205 0.036466 0.047281 0.083837
1 0.257259 -0.080219 -0.009034 -0.087458 -0.007446 -0.073103
6 0.035595 -0.270934 0.058525 0.045187 0.044933 0.086693
1 0.093032 -0.289882 0.057750 0.028831 0.040088 0.070181
2 -0.197946 0.337331 -0.079472 -0.044599 0.002621 -0.017936
6 0.077631 -0.302611 0.059034 0.035934 0.045874 0.084138
6 0.069188 -0.261100 0.049673 0.027773 0.040110 0.074356
6 0.021486 -0.216454 0.049333 0.039258 0.038522 0.067854
6 0.063529 -0.283011 0.057097 0.036645 0.044298 0.081443
6 0.042169 -0.234273 0.049194 0.031329 0.041074 0.070507
6 0.032599 -0.259878 0.054990 0.041603 0.044286 0.086400
2 -0.393396 0.922080 -0.209590 -0.144992 -0.042347 -0.131755
2 -0.630176 1.694920 -0.396580 -0.289292 -0.094601 -0.284270
6 0.033332 -0.247205 0.053871 0.036460 0.044918 0.078623
2 -0.119303 0.368683 -0.090737 -0.083011 -0.010167 -0.065465
2 0.000483 0.108147 -0.039101 -0.053893 0.008214 -0.023851
6 -0.069478 -0.178670 0.043824 0.059511 0.046190 0.098624
1 0.243165 -0.143463 0.011000 -0.065381 0.002333 -0.047653
6 -0.022513 -0.192029 0.036538 0.043644 0.040848 0.093511
6 -0.037384 -0.103512 0.028398 0.029733 0.031750 0.051014
1 0.123351 -0.113173 0.004865 -0.035108 0.014992 0.005074
1 0.129837 0.025385 -0.025968 -0.071024 -0.004283 -0.053947
1 0.142512 -0.319376 0.063337 0.018772 0.037280 0.057475
6 0.040593 -0.237926 0.048880 0.032924 0.039449 0.076080
2 -0.102065 0.092006 -0.022672 -0.004062 0.011056 0.025738
2 -0.637877 1.731725 -0.401988 -0.299653 -0.092293 -0.299915
6 0.026844 -0.233285 0.048929 0.040132 0.039532 0.077849
1 0.273889 -0.092435 -0.004236 -0.090512 -0.008154 -0.078552
2 -0.640668 1.641490 -0.376370 -0.271012 -0.082866 -0.270574
2 -0.581519 1.484476 -0.348382 -0.245463 -0.074771 -0.234342
6 0.048296 -0.290729 0.061980 0.049049 0.042667 0.088736
6 0.051656 -0.252063 0.056251 0.038363 0.037277 0.068517
1 0.193539 -0.064930 -0.005373 -0.067910 -0.004903 -0.050424
6 -0.078812 -0.078030 0.017567 0.036427 0.035138 0.067710
1 0.143486 0.045700 -0.034140 -0.084234 -0.006652 -0.064161
6 0.018468 -0.256345 0.056945 0.050802 0.042194 0.087935
6 0.063728 -0.319020 0.065859 0.044343 0.049688 0.095402
6 0.040621 -0.247572 0.047583 0.038742 0.037363 0.083262
2 0.073959 0.090003 -0.037379 -0.070895 -0.002622 -0.053065
6 0.060441 -0.244667 0.049017 0.024294 0.041640 0.069275
1 0.145071 0.028375 -0.023367 -0.077208 -0.005203 -0.067668
1 0.056755 -0.203323 0.038674 0.016316 0.035748 0.055830
6 -0.024900 -0.186918 0.043574 0.046395 0.037911 0.083938
6 -0.024987 -0.145046 0.032319 0.029902 0.039098 0.068714
1 0.179621 0.024298 -0.028290 -0.087403 -0.011886 -0.076340
6 -0.000163 -0.223878 0.050353 0.045264 0.042018 0.086406
1 0.163226 0.031074 -0.025222 -0.083240 -0.010182 -0.075656
1 0.175685 -0.020098 -0.012414 -0.073700 -0.008024 -0.061449
6 -0.013960 -0.108480 0.021174 0.012055 0.033080 0.056131
2 0.046173 0.048912 -0.026850 -0.050733 0.004722 -0.022224
6 0.038575 -0.251164 0.052622 0.041068 0.038967 0.079931
2 -0.579846 1.500537 -0.348011 -0.253170 -0.073187 -0.246324
6 0.066632 -0.273384 0.057154 0.032299 0.042193 0.075107
1 0.200163 -0.056265 -0.009275 -0.072984 -0.003642 -0.057998
6 -0.011432 -0.151559 0.036175 0.028833 0.035724 0.062259
6 -0.022406 -0.178580 0.037648 0.039056 0.039258 0.085025
6 0.037452 -0.239804 0.049500 0.033957 0.040990 0.077904
1 0.108986 -0.336387 0.071752 0.035057 0.045160 0.075431
2 0.006560 0.138161 -0.049458 -0.062781 0.000666 -0.033148
6 0.036582 -0.267832 0.057375 0.044986 0.042922 0.085968
1 0.046028 0.037886 -0.020288 -0.047577 0.006921 -0.022969
6 0.063788 -0.281201 0.059892 0.037701 0.041374 0.078447
1 0.122694 -0.184792 0.025883 -0.013682 0.024259 0.025639
6 -0.011319 -0.084075 0.019428 0.008235 0.029230 0.038501
6 -0.002968 -0.192106 0.044466 0.038983 0.037277 0.074348
1 0.184590 -0.127444 0.010118 -0.052913 0.009900 -0.024251
2 0.046889 0.115809 -0.041942 -0.065391 -0.006301 -0.049064
2 0.053633 0.083198 -0.033371 -0.059476 -0.001872 -0.042111
6 0.061781 -0.265718 0.051204 0.031920 0.042590 0.078222
6 0.036017 -0.241579 0.047374 0.040634 0.037568 0.079985
6 0.018935 -0.231465 0.044221 0.040559 0.042877 0.084873
6 -0.036861 -0.110054 0.021213 0.021623 0.036211 0.067867
2 -0.134915 0.138318 -0.030952 -0.007634 0.015681 0.019502
1 0.207945 -0.004443 -0.024605 -0.089708 -0.011795 -0.077394
2 -0.152786 0.431862 -0.107257 -0.100669 -0.005186 -0.065964
2 -0.507431 1.307109 -0.298137 -0.216447 -0.073474 -0.211620
2 -0.264351 0.471954 -0.103973 -0.064669 0.002190 -0.041151
1 0.114307 -0.329183 0.068569 0.031454 0.043709 0.071144
6 -0.034454 -0.099260 0.017349 0.021031 0.032900 0.062435
2 -0.685060 1.812619 -0.418478 -0.305148 -0.098401 -0.305532
6 -0.036566 -0.167847 0.041631 0.044736 0.039228 0.078819
1 0.082230 -0.257975 0.049562 0.022873 0.039154 0.064155
6 0.077494 -0.298309 0.060546 0.034111 0.044831 0.081328
1 0.090236 -0.299807 0.059778 0.032109 0.042700 0.074985
6 0.050346 -0.249323 0.053889 0.036901 0.038301 0.069885
2 -0.035435 0.050265 -0.013808 -0.025528 0.021164 0.003343
2 -0.632313 1.654245 -0.386223 -0.279356 -0.086449 -0.269904
6 0.015772 -0.202127 0.047086 0.035261 0.036889 0.067118
6 -0.047501 -0.088734 0.019430 0.024013 0.031403 0.061390
6 0.050821 -0.276478 0.056905 0.038346 0.046046 0.084360
2 -0.608133 1.579020 -0.363537 -0.263162 -0.083708 -0.260481
6 -0.086290 -0.058027 0.012255 0.029700 0.034758 0.067605
6 0.055181 -0.291348 0.058505 0.041336 0.049177 0.087148
1 0.180130 -0.044351 -0.009031 -0.071524 -0.000968 -0.054256
1 0.270747 -0.073048 -0.009432 -0.094572 -0.010127 -0.083568
1 0.153997 0.037577 -0.027177 -0.082254 -0.010784 -0.071358
1 0.065135 0.006829 -0.010845 -0.041072 0.003537 -0.023583
1 0.083069 -0.303422 0.061743 0.033726 0.045681 0.079202
2 0.086049 0.100723 -0.037221 -0.074698 -0.008658 -0.066194
1 0.099942 -0.296252 0.056958 0.025657 0.042193 0.071502
6 0.046197 -0.283135 0.059194 0.043863 0.045421 0.088460
6 0.022668 -0.152257 0.024897 0.014301 0.038574 0.051817
6 0.056870 -0.262006 0.055050 0.032625 0.039657 0.077805
6 0.045989 -0.229862 0.045008 0.028957 0.037911 0.071997
6 -0.004974 -0.271267 0.048168 0.068204 0.043521 0.116348
1 0.070978 -0.189294 0.031861 0.004347 0.032910 0.049198
6 -0.052057 -0.020414 -0.000566 0.006315 0.025736 0.040986
6 -0.057695 -0.063570 0.011425 0.019267 0.031918 0.058655
6 0.077062 -0.285163 0.053443 0.033142 0.042569 0.078947
1 0.072748 -0.225659 0.038271 0.015612 0.034748 0.064280
2 -0.091312 0.137994 -0.039221 -0.026608 0.012984 0.006162
2 -0.161170 0.209486 -0.047363 -0.020780 0.014566 0.005260
1 0.018680 0.017600 -0.007518 -0.034425 0.014082 -0.008420
6 0.035118 -0.227814 0.042575 0.031436 0.041212 0.077472
2 -0.295000 0.582078 -0.137108 -0.082115 -0.012869 -0.054986
6 0.063086 -0.295604 0.060552 0.038433 0.045698 0.087835
1 0.102050 -0.265481 0.051020 0.015400 0.039124 0.057887
1 0.189086 -0.090575 0.001642 -0.061800 0.002994 -0.041346
6 0.036638 -0.245379 0.052734 0.038167 0.041740 0.076101
6 0.022318 -0.251366 0.053632 0.046510 0.041446 0.087459
2 -0.088342 0.058355 -0.012945 -0.004861 0.021718 0.026075
6 -0.097477 -0.091432 0.021229 0.045113 0.039090 0.083477
6 0.060726 -0.271092 0.054009 0.039988 0.038142 0.078227
2 -0.033306 0.199547 -0.056581 -0.061982 -0.005216 -0.042462
6 -0.036562 -0.140776 0.030619 0.036594 0.036478 0.073648
6 0.064280 -0.256134 0.033045 0.025611 0.042500 0.090698
2 -0.671390 1.733133 -0.400012 -0.287987 -0.087859 -0.285885
2 -0.662056 1.757938 -0.406000 -0.298058 -0.093960 -0.297863
6 0.009290 -0.251762 0.052687 0.052740 0.042728 0.094318
6 -0.002401 -0.168996 0.033871 0.028781 0.041817 0.066928
6 -0.031373 -0.180679 0.037482 0.047262 0.039035 0.088275
2 -0.702562 1.875777 -0.433403 -0.318726 -0.100990 -0.320095
6 0.043906 -0.243367 0.051453 0.036428 0.039994 0.071586
1 0.145828 0.017927 -0.023905 -0.074833 -0.005910 -0.059107
6 -0.052865 -0.054771 0.007107 0.013153 0.034657 0.052719
6 0.009374 -0.223080 0.040920 0.043809 0.038030 0.090949
6 -0.035119 -0.246513 0.052311 0.070317 0.049168 0.109835
6 0.029175 -0.262355 0.057211 0.047592 0.041947 0.086431
6 0.009515 -0.205365 0.046710 0.035769 0.042174 0.071197
1 0.267762 -0.136510 0.008668 -0.074060 -0.003210 -0.062650
2 -0.045118 0.063365 -0.014059 -0.017846 0.011893 0.001764
2 0.032465 0.074874 -0.028367 -0.048587 0.001472 -0.031856
1 0.110156 -0.055006 -0.000570 -0.042848 0.008870 -0.020601
6 0.050303 -0.258788 0.054386 0.040714 0.037501 0.075884
2 0.109023 0.185485 -0.058052 -0.105533 -0.022360 -0.108563
1 0.241234 -0.092338 0.003387 -0.074318 -0.005719 -0.072245
1 0.102250 -0.295474 0.062251 0.026490 0.040304 0.064179
1 0.146621 -0.167008 0.024149 -0.026295 0.018723 0.003810
1 0.094996 -0.301376 0.063305 0.029968 0.042549 0.070557
6 -0.018167 -0.134832 0.035575 0.029354 0.033067 0.055003
2 -0.131316 0.280203 -0.077318 -0.065399 0.012083 -0.018253
6 0.075910 -0.279692 0.054413 0.030640 0.042596 0.076133
6 -0.017804 -0.212315 0.042858 0.054978 0.038450 0.093833
1 0.130312 -0.134930 0.014000 -0.031064 0.020186 0.001495
6 -0.007209 -0.205589 0.049394 0.043072 0.041123 0.079208
6 0.052313 -0.267805 0.055298 0.036722 0.042533 0.080939
6 0.074428 -0.281474 0.054364 0.031147 0.043628 0.077906
1 0.086386 -0.038187 -0.007841 -0.044515 0.015053 -0.010897
1 0.251184 -0.069736 -0.009226 -0.089142 -0.008661 -0.074418
2 0.032411 0.072767 -0.029736 -0.048396 0.000790 -0.027836
1 0.063308 -0.090553 0.013747 -0.012490 0.015303 0.010684
6 0.058627 -0.276940 0.058881 0.036634 0.043383 0.079414
1 0.149222 -0.151561 0.020139 -0.029622 0.013730 -0.001909
2 0.028148 0.053525 -0.026489 -0.045328 0.007148 -0.017004
1 0.079606 -0.298057 0.060293 0.033706 0.044850 0.079602
6 0.050158 -0.253811 0.051531 0.031898 0.043733 0.076490
6 0.041226 -0.244710 0.048319 0.032774 0.043487 0.078905
6 -0.076083 -0.104655 0.022444 0.040840 0.038725 0.078728
1 0.267146 -0.064403 -0.011006 -0.096315 -0.010553 -0.084869
1 0.176288 -0.059194 -0.014023 -0.067253 0.002794 -0.038611
6 -0.063781 -0.084364 0.021668 0.030965 0.031728 0.063785
6 -0.095813 -0.010358 0.005803 0.017102 0.033450 0.049816
6 0.049908 -0.276379 0.056414 0.041025 0.044291 0.084740
2 -0.218738 0.321295 -0.077247 -0.036106 0.011845 -0.001049
6 0.045479 -0.284759 0.062744 0.043790 0.046896 0.085850
6 -0.007835 -0.167740 0.032145 0.036660 0.032610 0.074162
1 0.106328 -0.277822 0.052752 0.018768 0.040464 0.059510
2 -0.555088 1.376456 -0.318212 -0.224574 -0.064720 -0.213862
6 0.016207 -0.231717 0.052505 0.042748 0.040748 0.079508
6 0.041096 -0.255272 0.060763 0.042276 0.040086 0.071051
6 -0.011921 -0.177603 0.038994 0.040270 0.034800 0.075460
6 0.065288 -0.278005 0.056346 0.034523 0.043643 0.078204
6 -0.061084 -0.033652 0.006108 0.013281 0.026892 0.048454
1 0.251907 -0.074399 -0.003525 -0.087217 -0.006006 -0.080761
2 -0.700183 1.856449 -0.424999 -0.311811 -0.101693 -0.317763
6 0.070385 -0.294901 0.060679 0.042327 0.041082 0.080429
6 0.047817 -0.226885 0.045221 0.028058 0.036012 0.069778
6 0.072858 -0.274482 0.050372 0.028764 0.042229 0.080258
2 -0.210599 0.501565 -0.122491 -0.089109 -0.014734 -0.064633
6 0.014616 -0.237559 0.050437 0.045626 0.041912 0.084968
1 0.079774 -0.249831 0.043702 0.024419 0.036686 0.065249
2 -0.031705 0.069869 -0.023741 -0.029703 0.014645 0.000635
1 0.092985 -0.286565 0.058840 0.027864 0.038768 0.068108
6 0.032671 -0.278371 0.060289 0.051730 0.042521 0.091160
1 0.120847 0.067600 -0.032153 -0.078079 -0.007926 -0.070289
6 0.005595 -0.230797 0.045321 0.045797 0.043060 0.091023
1 0.084081 0.013940 -0.015484 -0.052700 0.004111 -0.033948
6 0.045682 -0.295808 0.064925 0.049115 0.046194 0.089892
2 -0.007136 0.122612 -0.036749 -0.048039 -0.000503 -0.030186
1 0.206949 -0.116717 0.011895 -0.053590 -0.000389 -0.048148
1 0.224457 -0.074115 -0.001367 -0.075526 -0.005380 -0.068069
6 0.039178 -0.289891 0.063381 0.052366 0.043820 0.091146
1 0.099487 -0.260461 0.048337 0.016700 0.036027 0.059909
6 0.061744 -0.259045 0.053416 0.031130 0.040471 0.072284
1 0.193119 -0.053266 -0.007489 -0.073193 -0.002838 -0.056332
1 0.135014 0.006103 -0.024057 -0.069123 -0.001215 -0.046722
6 0.050737 -0.285781 0.058564 0.047518 0.041338 0.087623
2 -0.186344 0.317623 -0.070874 -0.040398 -0.001319 -0.018688
1 0.152342 0.014824 -0.018824 -0.076643 -0.006164 -0.065536
2 -0.643569 1.723970 -0.397775 -0.294463 -0.093577 -0.294586
2 -0.560395 1.470987 -0.340956 -0.254020 -0.066979 -0.248636
2 -0.191226 0.460522 -0.113997 -0.086133 -0.010902 -0.058264
6 0.035067 -0.264108 0.056192 0.047223 0.038987 0.086640
2 -0.369034 1.047625 -0.247199 -0.192481 -0.053492 -0.185418
1 0.197731 -0.109227 0.007177 -0.057748 0.006755 -0.044689
6 0.037905 -0.257038 0.049582 0.041922 0.040946 0.086683
6 0.003867 -0.185463 0.045420 0.034990 0.034095 0.067090
6 0.030988 -0.235313 0.051607 0.040961 0.035959 0.075798
2 -0.537307 1.333455 -0.306696 -0.219870 -0.061627 -0.207955
1 0.173869 0.044991 -0.030273 -0.090807 -0.012854 -0.084926
2 0.096896 0.100676 -0.040398 -0.080126 -0.009540 -0.067509
2 -0.557776 1.425551 -0.322333 -0.233590 -0.080002 -0.231850
6 0.044258 -0.244902 0.045420 0.031656 0.043289 0.080278
1 0.206853 -0.000166 -0.026047 -0.089687 -0.012608 -0.078345
1 0.292590 -0.075869 -0.011421 -0.101569 -0.011970 -0.091761
2 0.096449 0.125373 -0.049150 -0.085369 -0.014199 -0.073103
6 0.078505 -0.337799 0.071419 0.045260 0.048558 0.094056
6 0.039393 -0.232735 0.043594 0.031009 0.041776 0.076964
6 0.038245 -0.248907 0.050358 0.038139 0.039833 0.082330
1 0.086433 -0.291326 0.056261 0.028722 0.043027 0.076884
6 0.038474 -0.293701 0.063329 0.048568 0.047243 0.096087
6 -0.038058 -0.117337 0.023838 0.027733 0.036511 0.067313
6 0.023203 -0.205004 0.042381 0.033049 0.037433 0.068938
6 0.041728 -0.252281 0.053313 0.037704 0.041466 0.078071
1 0.097035 0.052662 -0.030045 -0.068069 -0.003548 -0.048035
1 0.170684 0.029680 -0.027944 -0.085461 -0.009916 -0.077043
2 -0.579423 1.477446 -0.335797 -0.244327 -0.076816 -0.241083
6 -0.029928 -0.204464 0.048120 0.052756 0.042439 0.091078
1 0.275187 -0.131590 0.003459 -0.079488 -0.003562 -0.064006
6 0.025418 -0.240925 0.046896 0.043387 0.040049 0.085174
2 -0.452110 1.094051 -0.258008 -0.175264 -0.048951 -0.159718
2 -0.149805 0.235895 -0.055652 -0.030759 0.005596 -0.005274
2 -0.572939 1.481614 -0.347646 -0.248645 -0.074405 -0.237979
1 0.211645 -0.055266 -0.014628 -0.077524 -0.005810 -0.058417
6 0.058401 -0.295296 0.062693 0.041771 0.045495 0.086936
6 0.004304 -0.149067 0.022939 0.021534 0.033278 0.067011
6 0.044156 -0.293807 0.060431 0.049062 0.046840 0.093318
1 0.083287 -0.292767 0.056985 0.032813 0.042110 0.077570
2 -0.267098 0.544253 -0.120001 -0.073955 -0.026386 -0.056812
1 0.090278 -0.274697 0.055428 0.024784 0.039235 0.064972
6 -0.023642 -0.175452 0.041960 0.043144 0.034695 0.079295
2 -0.257387 0.561097 -0.124452 -0.081231 -0.030695 -0.067332
2 -0.703670 1.846645 -0.423019 -0.306707 -0.103776 -0.309472
6 0.014231 -0.214171 0.050249 0.043987 0.040485 0.065218
2 0.055476 0.061535 -0.030709 -0.056767 0.002455 -0.031991
6 0.034808 -0.245657 0.049552 0.037281 0.039732 0.084285
6 -0.036640 -0.150735 0.030440 0.040602 0.034118 0.082214
2 0.026389 0.086366 -0.032726 -0.053232 0.001759 -0.028556
6 0.072860 -0.336023 0.071578 0.045872 0.050436 0.095276
6 -0.019146 -0.041257 0.008332 0.002179 0.018706 0.031186
6 0.024793 -0.171270 0.034818 0.021477 0.032539 0.057644
1 0.197626 -0.029386 -0.015991 -0.080075 -0.005654 -0.066520
2 -0.208484 0.474547 -0.112939 -0.083244 -0.010061 -0.059820
1 0.098233 -0.002738 -0.015635 -0.052645 0.004457 -0.031673
1 0.093214 -0.306486 0.059971 0.032493 0.043536 0.077271
2 -0.166205 0.196273 -0.044404 -0.016138 0.016819 0.013655
6 0.004090 -0.259575 0.057016 0.056857 0.043263 0.098349
1 0.095780 -0.315497 0.068994 0.035799 0.043133 0.071791
1 0.254919 -0.109448 -0.001567 -0.078670 -0.002759 -0.062476
1 0.150253 0.100045 -0.052640 -0.102599 -0.014470 -0.080589
6 0.063219 -0.278459 0.054172 0.035172 0.045075 0.080821
2 -0.335687 1.014398 -0.232252 -0.189989 -0.061126 -0.195343
6 0.020424 -0.221472 0.046067 0.039148 0.039108 0.076724
6 -0.020860 -0.189772 0.041198 0.043403 0.040548 0.085484
6 0.040888 -0.251973 0.047424 0.032280 0.045226 0.086155
1 0.098507 -0.239057 0.044415 0.006762 0.037166 0.052208
2 -0.185237 0.659151 -0.171649 -0.148074 -0.023487 -0.130705
6 0.029167 -0.225502 0.040197 0.031359 0.045828 0.078950
2 -0.237185 0.372575 -0.091459 -0.041283 0.004687 -0.007335
6 0.021602 -0.217613 0.039995 0.027186 0.047902 0.080928
1 0.142549 -0.077993 -0.003006 -0.049573 0.008161 -0.020138
6 -0.009128 -0.198587 0.050443 0.043702 0.038112 0.075459
6 0.009787 -0.240733 0.050980 0.048178 0.041929 0.089858
2 -0.093274 0.047926 -0.015074 -0.001194 0.026019 0.035598
6 0.046735 -0.240345 0.046555 0.030186 0.042546 0.074324
2 -0.163005 0.127911 -0.027143 0.003784 0.024150 0.034304
1 0.206052 -0.013127 -0.022976 -0.088843 -0.010822 -0.070284
6 0.022317 -0.190560 0.036439 0.028109 0.034638 0.069056
6 0.033985 -0.130108 0.020248 0.004906 0.029612 0.041357
6 0.076838 -0.315240 0.066076 0.039839 0.047134 0.085352
1 0.149969 -0.256280 0.043236 -0.000113 0.026997 0.036191
6 -0.099120 -0.009420 0.000535 0.021874 0.030866 0.055265
1 0.062480 0.044295 -0.024997 -0.054246 0.003113 -0.030645
1 0.086746 -0.324564 0.066379 0.038057 0.047894 0.085489
1 0.205640 -0.231119 0.032977 -0.029392 0.019915 0.001980
6 0.021845 -0.233552 0.049772 0.042976 0.040139 0.078820
6 0.059000 -0.291902 0.060207 0.041069 0.045359 0.086268
6 0.019601 -0.214745 0.043511 0.034623 0.038955 0.078055
6 -0.008633 -0.128271 0.024166 0.016291 0.034831 0.061616
1 0.275762 -0.070464 -0.009946 -0.096489 -0.011894 -0.086969
1 0.317557 -0.075552 -0.012143 -0.110038 -0.016790 -0.103034
6 0.059952 -0.276461 0.056549 0.036529 0.042436 0.080995
2 -0.650780 1.715228 -0.399449 -0.286901 -0.094274 -0.283825
1 0.211120 -0.141414 0.011870 -0.053511 0.004575 -0.032641
1 0.198273 -0.061926 -0.006632 -0.072396 -0.000727 -0.056591
6 -0.012140 -0.196723 0.037336 0.045599 0.037296 0.088632
1 0.074393 0.027334 -0.016059 -0.051187 0.003534 -0.038014
2 -0.517753 1.297947 -0.301943 -0.212911 -0.061610 -0.203730
6 -0.000419 -0.200189 0.044286 0.039092 0.041438 0.075792
1 0.205004 -0.107718 0.007236 -0.057175 0.000467 -0.047814
6 0.042129 -0.255080 0.052266 0.036724 0.043527 0.080434
6 0.055765 -0.281579 0.055854 0.040281 0.044295 0.085384
2 -0.382556 0.931740 -0.215305 -0.151194 -0.045244 -0.137441
2 -0.101295 0.169735 -0.053960 -0.037867 0.021643 0.001744
6 0.046537 -0.277183 0.050755 0.043240 0.043838 0.092813
1 0.064198 -0.204024 0.034499 0.012671 0.035920 0.056736
2 -0.611396 1.550054 -0.354603 -0.252520 -0.083462 -0.248073
6 0.032691 -0.212979 0.042451 0.031602 0.036605 0.069630
6 0.025833 -0.271770 0.059871 0.052638 0.043310 0.090118
1 0.092521 0.035680 -0.022200 -0.058359 -0.004558 -0.043083
6 -0.013807 -0.054687 0.001250 -0.005935 0.029383 0.043796
6 0.057319 -0.212543 0.041612 0.019551 0.036699 0.057362
2 -0.175903 0.216570 -0.047702 -0.016458 0.012712 0.010782
1 0.247512 -0.030637 -0.018124 -0.097106 -0.013478 -0.088167
2 0.082238 0.103196 -0.036037 -0.074488 -0.009880 -0.065029
1 0.166030 -0.064202 -0.003950 -0.060736 0.003272 -0.040414
1 0.287977 -0.086429 -0.009231 -0.097359 -0.009492 -0.085465
1 0.253717 -0.169759 0.018227 -0.061566 0.003757 -0.044375
6 0.000358 -0.199702 0.041867 0.040643 0.038903 0.077931
2 -0.095178 0.124159 -0.035036 -0.020358 0.015660 0.010752
1 0.242130 -0.047870 -0.015000 -0.090821 -0.009029 -0.079409
2 -0.148650 0.105247 -0.022209 0.005012 0.024989 0.035610
1 0.173631 -0.023819 -0.016960 -0.077762 -0.002302 -0.052788
6 0.018856 -0.259016 0.053810 0.049417 0.043060 0.093873
1 0.072230 -0.247278 0.049591 0.027112 0.034294 0.064050
6 0.066961 -0.313906 0.072807 0.043897 0.043603 0.086638
2 -0.652852 1.687363 -0.391431 -0.278563 -0.089666 -0.274852
6 -0.012299 -0.210451 0.046308 0.047431 0.039319 0.089692
6 0.022404 -0.284200 0.061648 0.054376 0.046634 0.099138
2 0.064614 0.154265 -0.049782 -0.084273 -0.010986 -0.073839
6 0.058513 -0.283443 0.059895 0.044330 0.040274 0.080431
6 0.059093 -0.269319 0.054613 0.037042 0.041008 0.077564
1 0.106942 -0.281644 0.060445 0.023112 0.035175 0.055970
1 0.161558 0.025697 -0.028031 -0.082938 -0.009292 -0.066995
2 -0.721514 1.914672 -0.438505 -0.322905 -0.104430 -0.327319
6 0.054459 -0.300685 0.059095 0.045312 0.046520 0.095299
1 0.084128 -0.279976 0.054422 0.026623 0.041631 0.073171
1 0.249306 -0.128766 0.004350 -0.072140 0.000430 -0.053181
1 0.199963 -0.120052 0.006823 -0.057406 0.005875 -0.035202
2 -0.506594 1.347071 -0.311663 -0.236353 -0.066564 -0.225896
6 0.030394 -0.151291 0.030348 0.011283 0.031103 0.048163
1 0.088728 -0.205208 0.043754 0.005671 0.035814 0.031241
6 -0.009529 -0.115327 0.019773 0.015795 0.033535 0.055753
6 0.064766 -0.318690 0.065407 0.044766 0.049546 0.094205
6 0.048358 -0.280401 0.059276 0.043345 0.043394 0.086027
1 0.252805 -0.079036 -0.008376 -0.085664 -0.007336 -0.072393
2 -0.587948 1.532599 -0.358469 -0.257153 -0.079950 -0.249079
6 0.048530 -0.211269 0.038839 0.024915 0.030296 0.068690
6 -0.007117 -0.186972 0.040513 0.042180 0.038590 0.072806
2 -0.170199 0.469254 -0.112367 -0.094408 -0.015612 -0.076669
1 0.192530 -0.050809 -0.006716 -0.072646 -0.002765 -0.059594
2 0.106713 0.129024 -0.047783 -0.089005 -0.016326 -0.082623
6 0.053478 -0.249532 0.050889 0.031950 0.040340 0.072877
6 0.022178 -0.244180 0.052991 0.045955 0.039398 0.083659
6 0.004810 -0.145900 0.027497 0.019743 0.037889 0.055962
6 0.005150 -0.246499 0.053620 0.052473 0.042590 0.092665
6 0.001183 -0.227228 0.053058 0.049330 0.039414 0.084242
1 0.088317 -0.277349 0.055694 0.024540 0.041961 0.066837
2 -0.287702 0.771139 -0.180860 -0.136165 -0.041417 -0.124995
1 0.069414 0.044420 -0.021480 -0.052060 0.000146 -0.040440
1 0.162359 0.005097 -0.024614 -0.080189 -0.005142 -0.057510
2 -0.123695 0.104684 -0.023370 -0.003586 0.018748 0.027220
6 0.003485 -0.245388 0.052906 0.051914 0.044058 0.093025
6 0.041752 -0.269295 0.059948 0.038625 0.045179 0.083791
2 0.064401 0.154213 -0.050183 -0.083459 -0.010765 -0.074208
2 0.081518 0.164311 -0.051926 -0.090178 -0.016289 -0.087437
1 0.149799 0.035817 -0.024560 -0.077526 -0.011097 -0.072433
1 0.090006 -0.301918 0.059789 0.030551 0.043863 0.077710
1 0.085625 -0.320828 0.069522 0.039321 0.043915 0.082445
1 0.095658 0.064672 -0.030053 -0.068279 -0.007376 -0.054623
1 0.079931 -0.222243 0.030005 0.008109 0.034076 0.070122
6 -0.002165 -0.236898 0.050339 0.052376 0.042759 0.093589
2 -0.009196 0.164460 -0.047938 -0.060014 -0.005294 -0.042019
6 -0.026615 -0.187529 0.042243 0.045912 0.039058 0.086931
6 -0.016518 -0.087350 0.016580 0.014468 0.026585 0.046234
6 0.047097 -0.231231 0.043739 0.029395 0.036327 0.074672
6 0.007909 -0.208553 0.043817 0.040713 0.038902 0.077214
6 -0.025393 -0.183108 0.043494 0.044658 0.039261 0.081089
6 0.052734 -0.260921 0.060431 0.036117 0.039616 0.072023
1 0.240107 -0.063414 -0.010741 -0.088320 -0.006043 -0.071589
1 0.136431 -0.055883 0.003436 -0.049805 0.002155 -0.036333
2 -0.269358 0.612744 -0.141255 -0.103785 -0.021694 -0.076652
2 -0.522487 1.351526 -0.310141 -0.228238 -0.068323 -0.222337
6 -0.085524 0.024480 -0.002653 0.007282 0.022314 0.034101
6 0.074727 -0.299112 0.055049 0.036199 0.046302 0.086834
1 0.247386 -0.060543 -0.010496 -0.088876 -0.009692 -0.077779
1 0.081299 -0.319020 0.071553 0.044209 0.043271 0.078689
6 0.055132 -0.238695 0.043552 0.025039 0.041800 0.073172
2 -0.515226 1.277526 -0.291615 -0.209974 -0.060306 -0.200405
6 0.035722 -0.218281 0.042143 0.029451 0.040634 0.070331
6 0.061807 -0.292242 0.061109 0.042263 0.042897 0.084166
6 -0.052606 -0.136529 0.026466 0.041179 0.037318 0.084172
6 0.069549 -0.306377 0.065802 0.043396 0.043102 0.084528
6 0.020076 -0.250776 0.053188 0.046034 0.042657 0.088821
1 0.079437 0.030942 -0.026627 -0.054484 0.003558 -0.032828
6 -0.008288 -0.251333 0.056165 0.058370 0.045211 0.099874
6 0.025384 -0.256070 0.058928 0.048477 0.041213 0.082069
6 0.035460 -0.242910 0.049204 0.037342 0.042587 0.078318
1 0.064387 0.035506 -0.027690 -0.052089 0.001469 -0.021583
2 -0.117292 0.150019 -0.033596 -0.017493 0.008272 0.010090
2 -0.056906 0.028197 -0.011551 -0.006387 0.019604 0.027044
2 -0.570306 1.381002 -0.315711 -0.218410 -0.067377 -0.209198
1 0.076177 -0.261820 0.052359 0.025103 0.041771 0.066410
1 0.035399 -0.089123 0.010967 -0.008214 0.026018 0.024953
6 0.019833 -0.258274 0.057912 0.050431 0.042095 0.088003
1 0.241322 -0.075406 -0.007631 -0.084547 -0.005135 -0.068603
6 -0.088136 -0.046753 0.007463 0.026815 0.033523 0.067087
6 0.045024 -0.263828 0.057334 0.042903 0.039986 0.078582
6 0.055668 -0.227223 0.046062 0.026949 0.035016 0.063527
6 0.017352 -0.229793 0.051299 0.043018 0.039439 0.078684
6 0.002228 -0.266537 0.060414 0.058649 0.044998 0.100248
2 -0.140026 0.183270 -0.047380 -0.024152 0.019891 0.008397
1 0.112236 -0.354658 0.071947 0.042659 0.042565 0.085250
2 -0.606853 1.579372 -0.362088 -0.264133 -0.082711 -0.263586
6 -0.007154 -0.204714 0.043458 0.043947 0.038341 0.086122
6 0.030245 -0.223845 0.048728 0.033806 0.039159 0.071907
6 -0.009532 -0.235735 0.052074 0.053920 0.042378 0.096894
2 0.026592 0.098163 -0.030664 -0.055497 0.000587 -0.039181
1 0.049740 -0.135803 0.029222 0.005041 0.024790 0.027011
6 0.038940 -0.176130 0.032204 0.012738 0.035342 0.056906
6 0.028538 -0.206566 0.036588 0.027725 0.038478 0.075238
1 0.098013 -0.279501 0.054302 0.021956 0.040815 0.064415
6 0.045665 -0.224272 0.049242 0.023139 0.041312 0.064915
6 -0.079893 -0.081145 0.014873 0.034521 0.038512 0.073130
6 0.038564 -0.191968 0.038233 0.019301 0.036011 0.059858
2 -0.124322 0.091169 -0.019548 -0.001223 0.024023 0.029900
6 0.055459 -0.302521 0.062929 0.043032 0.048894 0.092207
6 0.053134 -0.256958 0.050078 0.033875 0.041080 0.078792
6 0.056481 -0.284689 0.054445 0.039424 0.043776 0.090563
6 -0.008312 -0.091639 0.018431 0.003817 0.036297 0.041404
6 -0.022150 -0.180661 0.039269 0.044388 0.036174 0.082980
2 -0.280691 0.568284 -0.124805 -0.078999 -0.019474 -0.064316
1 0.143253 0.041137 -0.028511 -0.080119 -0.008342 -0.067418
6 0.045624 -0.243271 0.051091 0.037279 0.035961 0.073316
1 0.058990 -0.086521 0.022291 -0.014094 0.017887 0.001448
6 0.035464 -0.258068 0.053085 0.041203 0.043255 0.085061
6 0.075907 -0.264628 0.046452 0.028313 0.035332 0.078624
1 0.186063 -0.024895 -0.019110 -0.077239 -0.006534 -0.058285
6 0.049727 -0.289746 0.056933 0.040706 0.049038 0.093341
1 0.096265 -0.297189 0.059106 0.030258 0.041000 0.070560
6 -0.004135 -0.186390 0.038918 0.035512 0.038711 0.077385
1 0.183199 0.041861 -0.032714 -0.094636 -0.012845 -0.084865
1 0.189310 0.021144 -0.032458 -0.091157 -0.011313 -0.075526
1 0.200750 -0.119924 0.010096 -0.059027 0.005645 -0.037541
2 -0.165141 0.679774 -0.177139 -0.166333 -0.027494 -0.143668
6 0.061432 -0.232363 0.044780 0.023111 0.037095 0.065945
6 0.008978 -0.259497 0.060733 0.054856 0.044458 0.090472
1 0.094961 -0.276666 0.052330 0.022511 0.040708 0.066156
1 0.088472 -0.276844 0.058074 0.027472 0.038603 0.064223
2 -0.605754 1.586643 -0.367214 -0.266701 -0.083692 -0.263282
6 -0.002106 -0.270951 0.055885 0.062856 0.048236 0.106080
2 -0.147755 0.209538 -0.043793 -0.026585 0.013949 -0.005354
6 -0.056395 -0.105991 0.023765 0.034199 0.035185 0.069238
6 0.044140 -0.245222 0.051630 0.029648 0.043820 0.075984
6 -0.012180 -0.240090 0.062887 0.063389 0.043028 0.082967
2 -0.303598 0.846783 -0.196191 -0.163097 -0.037623 -0.146273
1 0.115319 -0.328302 0.070308 0.033420 0.040911 0.068344
6 0.047155 -0.277587 0.057395 0.038225 0.046922 0.087889
2 0.051225 0.126488 -0.045706 -0.074275 -0.005049 -0.052683
1 0.153852 0.003419 -0.021174 -0.073745 -0.004158 -0.058194
1 0.151821 -0.257180 0.045278 -0.002228 0.029030 0.033278
6 0.060998 -0.275775 0.058892 0.036385 0.043336 0.076165
6 0.054492 -0.312529 0.064984 0.046425 0.050517 0.096110
6 -0.107280 0.013702 0.001252 0.019080 0.025119 0.048127
1 0.267404 -0.086894 -0.007117 -0.088635 -0.009163 -0.075596
6 0.064996 -0.267034 0.052939 0.031270 0.043106 0.074722
1 0.141345 -0.133507 0.016183 -0.032520 0.014001 -0.005501
6 0.034859 -0.224609 0.045048 0.031222 0.041420 0.072061
2 -0.098933 0.063479 -0.009940 0.000760 0.020405 0.024228
6 -0.025887 -0.189788 0.039496 0.046401 0.040730 0.089049
1 0.079355 -0.282270 0.057004 0.032474 0.040320 0.073118
1 0.090860 -0.314373 0.063727 0.034203 0.043455 0.082129
6 0.023269 -0.268164 0.051462 0.056364 0.035935 0.101134
6 0.050804 -0.249569 0.051412 0.032347 0.041585 0.073422
2 -0.415208 0.977004 -0.218970 -0.151277 -0.050543 -0.141006
2 -0.219641 0.429879 -0.095136 -0.067764 0.001150 -0.048488
1 0.157667 -0.026005 -0.011996 -0.069552 0.000097 -0.050211
1 0.044761 0.042164 -0.024899 -0.043973 0.003191 -0.021244
1 0.223801 -0.120765 0.012079 -0.061132 0.001196 -0.055179
6 0.039862 -0.214313 0.042751 0.025368 0.041873 0.064460
6 0.011752 -0.274887 0.061043 0.057118 0.047186 0.097787
6 -0.024816 -0.153602 0.040019 0.037890 0.037655 0.062853
1 0.257179 -0.049678 -0.014408 -0.097626 -0.010780 -0.084686
1 0.060191 0.042314 -0.024624 -0.054288 0.007108 -0.030702
6 0.012585 -0.255157 0.057335 0.052601 0.042028 0.090608
1 0.173575 -0.018196 -0.020226 -0.075289 -0.003766 -0.056097
1 0.178170 -0.055945 -0.005440 -0.068052 0.000455 -0.049188
6 -0.078778 -0.129115 0.027028 0.049177 0.040980 0.090707
1 0.096168 -0.306606 0.061804 0.030871 0.042712 0.075051
6 -0.002146 -0.169011 0.028768 0.023212 0.041266 0.077911
2 -0.673337 1.812684 -0.419283 -0.310728 -0.096286 -0.313049
2 -0.162123 0.194960 -0.044696 -0.014895 0.014503 0.012250
6 0.016849 -0.216352 0.043067 0.034212 0.040610 0.081614
1 0.274552 -0.078648 -0.005286 -0.091694 -0.011178 -0.087745
1 0.179884 -0.028741 -0.008593 -0.072551 -0.004757 -0.065242
1 0.201688 -0.092738 0.000308 -0.065135 0.001982 -0.046105
2 -0.157112 0.262854 -0.063755 -0.038962 0.007307 -0.010333
2 -0.613214 1.596456 -0.370845 -0.266172 -0.083148 -0.263077
6 -0.101545 -0.069572 0.016293 0.038038 0.038258 0.078529
2 -0.162960 0.096457 -0.021274 0.013049 0.026922 0.047805
1 0.083117 -0.076523 0.002845 -0.027811 0.016411 0.001961
6 -0.054607 0.000586 -0.002704 0.000272 0.024138 0.032316
1 0.170972 -0.015484 -0.016301 -0.075460 -0.003988 -0.059740
6 0.059801 -0.259453 0.054086 0.035310 0.038551 0.071704
6 -0.076679 0.008713 -0.003658 0.004562 0.026646 0.040415
6 0.030600 -0.266002 0.056877 0.049283 0.041589 0.087654
1 0.071265 -0.273825 0.060326 0.031993 0.040430 0.069810
6 0.017930 -0.234703 0.044365 0.040379 0.043514 0.088515
1 0.212816 -0.071997 -0.007208 -0.072814 -0.006204 -0.054593
2 -0.419751 0.934497 -0.210644 -0.141380 -0.032942 -0.129781
1 0.185678 -0.107263 0.004866 -0.056380 0.006171 -0.033073
1 0.095941 -0.301579 0.060052 0.031334 0.040895 0.073356
6 0.060853 -0.286761 0.053329 0.039405 0.044501 0.088674
6 -0.015833 -0.195819 0.040210 0.043116 0.041067 0.087258
6 0.060246 -0.295756 0.061956 0.039772 0.046668 0.087114
6 -0.010111 -0.187263 0.041290 0.038266 0.037930 0.079887
1 0.242476 -0.075628 -0.009407 -0.085051 -0.005258 -0.067133
2 -0.548949 1.419709 -0.329267 -0.238190 -0.071437 -0.231867
1 0.127848 -0.001520 -0.017035 -0.062442 -0.000985 -0.045866
6 0.076493 -0.292797 0.058593 0.035780 0.042290 0.079641
1 0.149127 -0.141093 0.015711 -0.031833 0.013196 -0.005107
2 -0.207768 0.498018 -0.116820 -0.086462 -0.015856 -0.071113
1 0.079022 -0.269469 0.054063 0.026944 0.040872 0.068567
1 0.108276 -0.248621 0.043472 0.008598 0.036263 0.052012
1 0.109602 -0.284332 0.044673 0.020188 0.038114 0.071755
6 -0.054663 -0.009772 0.001887 0.001704 0.027491 0.033353
1 0.156635 -0.267945 0.053183 0.001724 0.027201 0.029202
1 0.076946 -0.259138 0.049933 0.025038 0.039592 0.067629
1 0.227550 -0.115488 0.005024 -0.069212 0.000872 -0.048747
6 -0.015144 -0.126593 0.026684 0.022803 0.034744 0.057505
1 0.079321 0.015429 -0.016101 -0.052774 0.006110 -0.031983
2 -0.201441 0.343878 -0.077956 -0.041913 -0.003506 -0.019062
1 0.270393 -0.045401 -0.017862 -0.101506 -0.012097 -0.093526
2 -0.328326 0.855093 -0.207310 -0.161428 -0.020319 -0.137709
6 -0.002743 -0.173078 0.038406 0.029695 0.037639 0.070082
2 -0.584924 1.515047 -0.344425 -0.251940 -0.083131 -0.250627
2 -0.064569 0.189856 -0.053394 -0.055659 0.006906 -0.023139
6 0.000232 -0.193614 0.041135 0.040838 0.035214 0.076195
6 -0.009088 -0.213462 0.042473 0.048817 0.038300 0.092961
1 0.157533 -0.066035 -0.005700 -0.054654 -0.001356 -0.029788
6 0.073517 -0.302646 0.063677 0.040646 0.043879 0.080926
2 -0.174947 0.240160 -0.051028 -0.021149 0.001621 0.005344
2 -0.165675 0.140086 -0.033439 0.001651 0.020944 0.036433
2 -0.049546 0.210625 -0.060517 -0.065003 0.001245 -0.036805
2 -0.601790 1.548344 -0.353982 -0.260655 -0.078746 -0.253171
1 0.105633 -0.067864 0.006328 -0.038650 0.012016 -0.017464
1 0.121848 -0.277235 0.052048 0.014771 0.032844 0.055723
2 -0.558923 1.435215 -0.336300 -0.240646 -0.069275 -0.230071
2 -0.058520 0.237438 -0.062832 -0.066387 -0.001794 -0.047906
1 0.077681 -0.279953 0.056283 0.030359 0.042046 0.073585
6 0.014343 -0.221898 0.052106 0.040894 0.037120 0.077434
1 0.281480 -0.064023 -0.013403 -0.100778 -0.012505 -0.090772
1 0.130866 -0.000433 -0.010383 -0.062707 -0.001564 -0.055780
1 0.092870 -0.185957 0.026126 -0.004814 0.030953 0.040823
6 -0.000658 -0.174846 0.041708 0.031418 0.036359 0.066020
2 -0.115802 0.262041 -0.068238 -0.054438 0.001149 -0.024711
6 0.031013 -0.266717 0.061308 0.046437 0.046373 0.081586
6 0.055435 -0.259437 0.054072 0.036308 0.040354 0.073268
1 0.252070 -0.057483 -0.013389 -0.091854 -0.009917 -0.079427
6 0.012089 -0.259472 0.054594 0.052366 0.045190 0.095233
6 0.070214 -0.264127 0.052548 0.028763 0.040474 0.072127
2 -0.187509 0.456865 -0.105159 -0.082059 -0.015212 -0.066926
6 0.054773 -0.250523 0.049659 0.031137 0.040029 0.074925
6 0.054984 -0.245251 0.050695 0.033185 0.037236 0.069151
6 -0.030124 -0.152098 0.039501 0.039436 0.034848 0.068438
6 0.058729 -0.249180 0.047871 0.028865 0.040514 0.073200
6 0.019876 -0.178678 0.035686 0.019363 0.037524 0.066229
2 -0.181734 0.432627 -0.106250 -0.083550 -0.006301 -0.054792
2 -0.113893 0.085819 -0.022244 -0.002503 0.022574 0.030246
6 -0.050677 -0.115121 0.019593 0.036689 0.038918 0.070598
6 0.069868 -0.268375 0.054705 0.029357 0.041727 0.072719
6 0.018119 -0.264774 0.057933 0.051929 0.044758 0.092036
1 0.201767 -0.093763 -0.000060 -0.064696 0.002344 -0.045591
2 0.038706 0.052425 -0.024025 -0.046432 0.004002 -0.024675
2 -0.163881 0.187240 -0.042281 -0.015289 0.017750 0.016461
6 0.040172 -0.219476 0.046398 0.027599 0.037726 0.067581
2 -0.108685 0.328203 -0.080308 -0.071521 -0.009002 -0.058687
6 0.029966 -0.241586 0.054466 0.040747 0.039105 0.077302
6 0.015349 -0.262819 0.057747 0.053565 0.043355 0.092803
1 0.098818 -0.323394 0.064539 0.035181 0.044237 0.080619
1 0.193791 -0.128901 0.014322 -0.050909 0.006257 -0.034560
6 0.028948 -0.271212 0.060564 0.050573 0.043597 0.087530
6 0.000986 -0.240436 0.055832 0.049374 0.044715 0.089529
1 0.083900 0.083117 -0.029887 -0.068083 -0.008502 -0.060545
2 -0.679527 1.802703 -0.414500 -0.305719 -0.094400 -0.308556
6 0.069195 -0.280619 0.054639 0.031918 0.043999 0.080869
1 0.215096 -0.109658 0.005830 -0.067495 0.001584 -0.045357
1 0.121414 0.112258 -0.047734 -0.090671 -0.013342 -0.081923
2 -0.609540 1.557465 -0.357746 -0.257498 -0.079838 -0.252843
1 0.222002 -0.056737 -0.013886 -0.081923 -0.004887 -0.064569
6 0.037856 -0.258890 0.056402 0.043843 0.040236 0.080554
1 0.245328 -0.060402 -0.012145 -0.089227 -0.007662 -0.075891
1 0.088583 -0.273375 0.054214 0.025074 0.039134 0.066370
2 -0.600199 1.605019 -0.368956 -0.275758 -0.085161 -0.274945
6 0.063613 -0.274385 0.054928 0.033215 0.043672 0.078957
6 0.034351 -0.258938 0.056751 0.044588 0.042656 0.080592
1 0.164057 -0.111822 0.003532 -0.048107 0.011265 -0.018924
1 0.054394 -0.002803 -0.006474 -0.037478 0.008333 -0.015971
2 -0.310223 0.678876 -0.162595 -0.103825 -0.019300 -0.082933
6 -0.058836 -0.035246 -0.002799 0.007039 0.032951 0.056891
3 0.029305 -0.230940 0.061799 0.045027 0.036803 0.058005
1 0.181119 0.019778 -0.027393 -0.088480 -0.009675 -0.075349
2 0.053166 0.098485 -0.035245 -0.062904 -0.004523 -0.048979
6 0.008638 -0.214925 0.045694 0.042565 0.039440 0.078588
6 -0.032830 -0.154692 0.031048 0.041672 0.035511 0.079291
2 0.123170 0.128880 -0.044843 -0.096687 -0.015285 -0.095234
6 -0.009496 -0.195829 0.045033 0.041971 0.038641 0.079681
6 0.050599 -0.289785 0.061445 0.048395 0.043505 0.085840
6 0.077144 -0.329596 0.069301 0.047427 0.046456 0.089268
2 -0.604421 1.581685 -0.361936 -0.267216 -0.081802 -0.266310
1 0.220960 -0.122608 0.012761 -0.059457 -0.000082 -0.051574
2 -0.573938 1.488343 -0.344903 -0.249715 -0.075359 -0.244429
6 0.001424 -0.280446 0.057283 0.064730 0.047733 0.109276
6 0.029401 -0.260887 0.057388 0.045404 0.043112 0.085582
6 0.027825 -0.219363 0.045612 0.034109 0.039216 0.072602
1 0.111976 0.008648 -0.021958 -0.060500 -0.001214 -0.036953
6 -0.058743 0.027970 -0.017605 -0.009108 0.028667 0.028819
6 0.003126 -0.079280 0.017514 0.001963 0.026627 0.030050
6 0.003658 -0.274509 0.063733 0.060851 0.044780 0.101486
2 -0.160042 0.241943 -0.057924 -0.030439 0.008380 -0.001918
1 0.086603 -0.245514 0.049918 0.022058 0.033269 0.053666
1 0.107618 0.044269 -0.032387 -0.069286 -0.003137 -0.047077
1 0.150627 0.039771 -0.028025 -0.080437 -0.010736 -0.071201
6 0.048180 -0.269975 0.055647 0.044460 0.039783 0.081904
1 0.070886 -0.231175 0.045611 0.023688 0.032719 0.058272
1 0.152633 0.021003 -0.020647 -0.075829 -0.009905 -0.067254
6 0.053297 -0.230987 0.043350 0.024941 0.038201 0.071198
6 0.052000 -0.272313 0.056437 0.041893 0.042138 0.079846
6 -0.004682 -0.168678 0.030087 0.027642 0.038045 0.077586
6 0.039343 -0.246784 0.052988 0.039760 0.038281 0.076412
6 -0.016952 -0.191714 0.043156 0.044825 0.037759 0.082925
1 0.082083 -0.303993 0.062984 0.035990 0.044717 0.078220
1 0.091644 -0.268978 0.052662 0.022093 0.038958 0.063622
6 0.060176 -0.313233 0.066766 0.048899 0.045888 0.091504
6 0.034000 -0.177401 0.035434 0.019168 0.032610 0.056189
6 0.069705 -0.304480 0.062923 0.043821 0.042348 0.085684
2 -0.071080 0.075094 -0.019502 -0.013966 0.018559 0.010894
1 0.095776 -0.315805 0.064873 0.033622 0.043949 0.077584
2 -0.555440 1.456860 -0.339409 -0.246753 -0.074320 -0.240938
6 0.052206 -0.262964 0.057870 0.040449 0.037902 0.074537
6 0.082517 -0.313766 0.063998 0.041747 0.042757 0.082747
1 0.120459 0.093961 -0.036981 -0.085098 -0.014207 -0.078134
6 0.059923 -0.312074 0.065867 0.047442 0.046736 0.092105
6 0.032720 -0.247619 0.053936 0.044395 0.037703 0.078864
1 0.307888 -0.089105 -0.009676 -0.102963 -0.013459 -0.092685
1 0.165234 -0.113071 0.014001 -0.043397 0.007731 -0.030499
6 0.022200 -0.263997 0.058896 0.051530 0.042951 0.088421
6 -0.024610 -0.144322 0.028542 0.031957 0.034038 0.074396
6 0.002286 -0.201463 0.040502 0.039677 0.038497 0.080502
2 -0.497899 1.215894 -0.278510 -0.203212 -0.044293 -0.191980
1 0.173342 -0.062778 -0.004516 -0.064311 0.002012 -0.043749
6 -0.052073 -0.041958 0.005121 0.013873 0.026374 0.048663
1 0.067631 0.017014 -0.014867 -0.046002 0.003199 -0.026974
1 0.103366 -0.315399 0.066652 0.033074 0.040156 0.072151
6 -0.002793 -0.219073 0.051640 0.048656 0.038506 0.083065
1 0.276821 -0.044430 -0.018888 -0.105045 -0.015198 -0.093260
2 -0.578498 1.484410 -0.340880 -0.242883 -0.082222 -0.239926
1 0.244979 -0.116924 0.007007 -0.074494 -0.000953 -0.059615
2 -0.555215 1.369772 -0.312036 -0.222008 -0.064667 -0.215846
1 0.199167 -0.083354 -0.001818 -0.067098 0.001277 -0.048174
2 -0.016596 0.169217 -0.051184 -0.063306 -0.000628 -0.037503
6 0.076642 -0.301002 0.058627 0.038226 0.043912 0.083595
2 -0.215163 0.428181 -0.101262 -0.067763 -0.001987 -0.042007
6 0.050400 -0.295177 0.064353 0.043381 0.049673 0.087369
6 0.077632 -0.328379 0.070133 0.041956 0.047989 0.090669
1 0.100027 -0.288705 0.058943 0.024678 0.040682 0.064376
6 0.034611 -0.213620 0.040023 0.027326 0.039932 0.071728
2 -0.577194 1.494728 -0.345589 -0.249471 -0.077562 -0.244912
6 0.005591 -0.200084 0.036321 0.034256 0.040174 0.083742
6 -0.000888 -0.271282 0.062575 0.062134 0.044633 0.102828
6 0.016022 -0.216015 0.047539 0.036967 0.039634 0.075853
1 0.168291 -0.142869 0.017207 -0.036577 0.009462 -0.015515
2 -0.505286 1.160840 -0.261244 -0.175476 -0.051157 -0.167677
1 0.263156 -0.020572 -0.023008 -0.106939 -0.015580 -0.097057
6 -0.014473 -0.190231 0.042708 0.043057 0.037159 0.081780
6 0.076695 -0.312643 0.071007 0.044865 0.039399 0.080677
1 0.161603 0.093369 -0.046298 -0.097713 -0.020321 -0.090640
6 0.071071 -0.299476 0.059993 0.038404 0.044567 0.085441
1 0.059672 -0.109801 0.012946 -0.009665 0.022865 0.023984
1 0.082014 0.062537 -0.032902 -0.064944 -0.001546 -0.045159
2 -0.590943 1.524568 -0.350995 -0.252504 -0.081714 -0.248413
1 0.144422 0.038785 -0.031075 -0.081241 -0.007473 -0.063419
1 0.296765 -0.094307 -0.006104 -0.097438 -0.011748 -0.087169
1 0.093359 -0.287515 0.057274 0.026044 0.041146 0.069691
6 0.004514 -0.159256 0.031251 0.025964 0.035740 0.061787
2 -0.678779 1.803765 -0.418917 -0.306349 -0.094929 -0.304791
1 0.156858 -0.113375 0.017717 -0.036371 0.006672 -0.031501
2 0.057490 0.088379 -0.032443 -0.059982 -0.005883 -0.047561
6 0.032127 -0.261224 0.056991 0.045769 0.041438 0.084898
2 0.060183 0.152390 -0.045070 -0.081331 -0.010981 -0.075192
6 0.029442 -0.229461 0.050032 0.039472 0.036852 0.073664
6 0.063246 -0.345768 0.078004 0.053365 0.051842 0.099310
6 0.053930 -0.231497 0.044350 0.026498 0.039062 0.067657
2 0.083651 0.085387 -0.034542 -0.071202 -0.006746 -0.056549
6 0.037406 -0.234112 0.051437 0.037547 0.037179 0.070543
2 -0.181894 0.323312 -0.078025 -0.046840 0.002235 -0.018788
1 0.167268 0.042317 -0.028298 -0.088966 -0.011523 -0.080798
2 0.050458 0.088024 -0.030991 -0.060034 -0.001787 -0.045669
6 0.061595 -0.274679 0.058984 0.035601 0.042411 0.076087
2 -0.536903 1.339343 -0.309453 -0.218496 -0.065809 -0.208681
6 0.023859 -0.303540 0.065495 0.059241 0.049022 0.105923
6 0.035605 -0.246647 0.044663 0.036539 0.042643 0.087198
6 0.059436 -0.277390 0.056720 0.036702 0.044537 0.079994
1 0.194056 -0.090335 -0.002398 -0.063784 0.003082 -0.040620
1 0.226807 -0.102383 0.003408 -0.066109 -0.004058 -0.057665
1 0.073666 -0.273538 0.055626 0.030538 0.041673 0.072035
6 0.016555 -0.255385 0.056353 0.050915 0.043581 0.087981
6 0.032296 -0.221925 0.044021 0.034847 0.036898 0.073863
6 0.018164 -0.236624 0.050853 0.042484 0.044422 0.080701
1 0.099623 -0.281761 0.052168 0.021978 0.039294 0.068699
6 0.031227 -0.274156 0.058574 0.049677 0.043960 0.090717
1 0.071162 -0.188577 0.039941 0.010211 0.029944 0.037318
2 -0.128129 0.119326 -0.029315 -0.004692 0.017946 0.024864
1 0.108039 -0.234444 0.042273 0.007940 0.031404 0.044789
6 0.030678 -0.208624 0.038804 0.023238 0.041986 0.073919
1 0.133603 0.033374 -0.029217 -0.077868 -0.004418 -0.055474
6 0.079162 -0.320786 0.065413 0.038719 0.049420 0.088073
6 0.067581 -0.283261 0.057702 0.034803 0.044596 0.078579
1 0.171130 0.036662 -0.030688 -0.089490 -0.009920 -0.077694
2 -0.170185 0.204732 -0.045713 -0.015259 0.015833 0.010592
1 0.071857 -0.254958 0.048203 0.024018 0.042470 0.068410
2 -0.174477 0.258117 -0.059995 -0.031256 0.010946 -0.003335
6 0.054450 -0.239458 0.048457 0.031332 0.037152 0.068067
6 0.036400 -0.233105 0.056800 0.033279 0.041693 0.064932
1 0.055168 -0.142736 0.030236 0.002530 0.027443 0.027358
6 0.041214 -0.282702 0.058614 0.044066 0.047365 0.091443
6 0.054815 -0.290233 0.057719 0.039752 0.047615 0.090332
2 -0.505923 1.288259 -0.302546 -0.213111 -0.062980 -0.203699
1 0.053971 0.051462 -0.026538 -0.052937 0.002988 -0.028946
2 -0.116035 0.156594 -0.038581 -0.025644 0.019515 0.004152
1 0.068709 -0.171472 0.035171 0.005246 0.028672 0.033674
6 0.078798 -0.292496 0.057356 0.032693 0.043273 0.080376
6 0.043110 -0.269116 0.054639 0.040042 0.045334 0.085991
2 -0.180641 0.162548 -0.038558 -0.000119 0.020959 0.035811
6 0.028327 -0.252416 0.051124 0.045328 0.040065 0.087572
6 0.037678 -0.237292 0.048133 0.027982 0.046575 0.076924
6 0.012261 -0.262713 0.057118 0.052628 0.044686 0.096021
6 0.027159 -0.287190 0.061853 0.055561 0.045360 0.097257
6 0.017597 -0.250765 0.053982 0.048727 0.042601 0.087858
1 0.095147 -0.286380 0.056604 0.025131 0.039347 0.070152
1 0.129742 0.043616 -0.030330 -0.076693 -0.007306 -0.059028
6 0.079004 -0.323969 0.073279 0.041992 0.047594 0.082100
1 0.087002 -0.289795 0.056715 0.029839 0.041742 0.074497
2 -0.146175 0.094361 -0.022796 0.007082 0.024820 0.042707
6 0.061988 -0.281359 0.058432 0.037735 0.042067 0.081136
2 -0.112929 0.085105 -0.019903 -0.004622 0.022540 0.029808
6 0.012243 -0.265970 0.058563 0.055848 0.044271 0.095044
1 0.083759 -0.277506 0.054822 0.028002 0.039727 0.071197
1 0.067889 -0.030766 -0.004128 -0.034684 0.011413 -0.009724
2 -0.657428 1.784598 -0.412281 -0.307235 -0.098138 -0.309517
1 0.108717 -0.290716 0.052890 0.022233 0.039515 0.067362
2 -0.180630 0.486293 -0.115021 -0.095500 -0.015645 -0.079497
1 0.124331 -0.296824 0.056318 0.017639 0.038732 0.059804
1 0.127534 0.044097 -0.026667 -0.075908 -0.005726 -0.063329
6 -0.005418 -0.253487 0.058587 0.057870 0.045006 0.097442
6 -0.072727 -0.088222 0.025821 0.037773 0.032794 0.064561
2 -0.207606 0.365934 -0.083748 -0.051055 0.000295 -0.023819
6 0.037794 -0.198938 0.040107 0.025957 0.034246 0.060835
6 -0.000326 -0.247255 0.053244 0.055578 0.042923 0.095836
6 0.014160 -0.188448 0.043083 0.029771 0.037610 0.063823
6 0.050597 -0.271222 0.056879 0.040733 0.042020 0.080993
1 0.092573 -0.285530 0.054739 0.025427 0.042328 0.070462
1 0.079451 -0.266932 0.050628 0.025484 0.041200 0.070168
6 0.066377 -0.240922 0.043150 0.022886 0.038308 0.070201
6 0.075011 -0.309720 0.064363 0.038582 0.045747 0.086016
2 0.074577 0.075406 -0.032435 -0.064571 -0.004762 -0.048216
6 -0.006031 -0.178776 0.038225 0.035735 0.039483 0.071363
1 0.051021 -0.172535 0.036032 0.007406 0.032934 0.045141
2 0.070713 0.166181 -0.053057 -0.086799 -0.016126 -0.080912
1 0.208893 -0.116666 0.007511 -0.056126 0.000538 -0.044149
6 0.063041 -0.267066 0.054536 0.033081 0.041489 0.074918
2 -0.109342 0.043978 -0.008270 0.010078 0.025706 0.037850
6 0.027909 -0.247991 0.054930 0.043828 0.041123 0.080200
6 -0.085377 -0.142020 0.034001 0.054909 0.043310 0.095176
6 -0.069148 -0.065750 0.016486 0.027055 0.030621 0.060737
2 0.071774 0.250116 -0.072833 -0.108154 -0.027905 -0.112999
2 -0.687794 1.861185 -0.429961 -0.320384 -0.099628 -0.323417
6 -0.004982 -0.156886 0.030771 0.026458 0.039335 0.065303
2 -0.606965 1.493612 -0.343998 -0.239820 -0.071708 -0.231121
6 0.033700 -0.214682 0.043811 0.031917 0.036203 0.069051
1 0.051370 0.017932 -0.016563 -0.044547 0.011286 -0.019478
6 -0.112337 -0.034285 0.011715 0.032854 0.035249 0.066804
1 0.155076 -0.020882 -0.016664 -0.069259 0.000144 -0.048415
6 -0.011609 -0.152983 0.031438 0.027253 0.037366 0.068534
6 0.029835 -0.257035 0.053849 0.045903 0.041125 0.086324
6 0.037926 -0.237523 0.046291 0.033204 0.044619 0.075482
6 0.069117 -0.249537 0.045412 0.023986 0.039494 0.071529
2 -0.127302 0.193299 -0.050316 -0.029102 0.012071 0.001350
6 0.035284 -0.296537 0.064323 0.053194 0.046093 0.097643
1 0.190240 -0.079832 0.001015 -0.064683 0.001502 -0.048242
2 0.042008 0.152277 -0.049828 -0.072529 -0.010774 -0.061155
6 -0.000484 -0.111324 0.025428 0.008276 0.031169 0.046936
1 0.080996 -0.300276 0.061929 0.036361 0.043925 0.077065
6 0.005906 -0.272482 0.062288 0.058715 0.045028 0.100546
1 0.098795 -0.236322 0.042268 0.008284 0.035897 0.051079
6 0.030094 -0.193326 0.038157 0.025794 0.034611 0.064669
1 0.236342 -0.037641 -0.018110 -0.092258 -0.009142 -0.079190
6 -0.003107 -0.206944 0.045791 0.043484 0.039900 0.080877
2 0.043614 0.066458 -0.030372 -0.052893 0.002214 -0.029022
2 0.023437 0.096838 -0.031457 -0.051628 -0.000698 -0.036492
2 -0.102776 0.070381 -0.016813 0.001873 0.012258 0.035077
6 0.033823 -0.275038 0.060653 0.048330 0.042930 0.089301
2 -0.187523 0.262273 -0.060552 -0.027865 0.012107 0.001559
2 -0.649980 1.734559 -0.401559 -0.295422 -0.092871 -0.294726
6 0.038897 -0.236770 0.049606 0.036545 0.038614 0.073107
6 0.036589 -0.250282 0.049373 0.037426 0.042686 0.084207
1 0.144594 0.027478 -0.027990 -0.075012 -0.007238 -0.061831
2 -0.372683 0.920033 -0.215526 -0.163112 -0.031704 -0.137008
1 0.145025 0.013114 -0.023179 -0.072808 -0.004724 -0.057428
1 0.142707 -0.079778 0.004601 -0.046299 0.007637 -0.028867
2 -0.105506 0.082341 -0.022319 0.001269 0.010628 0.033587
6 0.013259 -0.262534 0.057769 0.053943 0.044530 0.093033
6 0.041326 -0.295403 0.062944 0.048290 0.047507 0.095337
6 0.073804 -0.305142 0.062736 0.038327 0.046137 0.084138
6 0.026542 -0.267602 0.057773 0.046796 0.045892 0.090597
2 0.022257 0.086725 -0.033397 -0.050848 0.003141 -0.027879
1 0.085490 -0.198209 0.035016 0.003203 0.032401 0.042100
6 -0.003108 -0.141909 0.020835 0.014374 0.039802 0.070006
6 0.001090 -0.211180 0.041869 0.037126 0.045155 0.085940
2 -0.160968 0.240160 -0.054878 -0.030403 0.010016 -0.003927
1 0.150043 -0.006755 -0.017451 -0.069463 -0.001427 -0.054948
6 0.050207 -0.301883 0.065183 0.049075 0.046777 0.090641
1 0.082775 0.028587 -0.019639 -0.057661 0.001695 -0.035758
6 0.008258 -0.237910 0.054904 0.046460 0.042851 0.085438
6 0.061563 -0.282117 0.055952 0.034679 0.046223 0.083700
6 0.062159 -0.305333 0.058415 0.043448 0.046407 0.094905
1 0.129111 0.039426 -0.022152 -0.073424 -0.007143 -0.065817
1 0.086968 -0.287216 0.057728 0.030609 0.040214 0.071696
2 -0.686145 1.860492 -0.431191 -0.319290 -0.103335 -0.320531
1 0.067560 -0.263686 0.058057 0.030252 0.040598 0.067219
6 0.005192 -0.093035 0.012996 0.002797 0.029635 0.042414
1 0.134018 0.091431 -0.038094 -0.087359 -0.015234 -0.084761
6 0.007701 -0.188917 0.047861 0.036627 0.035737 0.060990
6 0.068551 -0.314743 0.065311 0.046438 0.044561 0.089882
1 0.074580 -0.120962 0.013772 -0.014911 0.024050 0.023471
6 -0.066426 -0.004727 0.001833 0.007971 0.022504 0.038845
6 0.007076 -0.242860 0.050838 0.050506 0.044176 0.090265
6 0.058282 -0.302710 0.063124 0.046805 0.045421 0.089078
2 0.080783 0.106696 -0.041261 -0.075408 -0.008989 -0.061820
6 0.028796 -0.269276 0.058402 0.044947 0.046811 0.090320
2 -0.116869 0.092945 -0.027086 -0.004095 0.025281 0.029824
2 -0.623507 1.635428 -0.379314 -0.274716 -0.086652 -0.271239
6 0.038228 -0.246651 0.048854 0.033553 0.044562 0.081454
6 0.072295 -0.302140 0.061137 0.037599 0.046725 0.084384
6 0.031597 -0.246359 0.052154 0.040230 0.040886 0.081492
2 -0.591698 1.526971 -0.350989 -0.254813 -0.078089 -0.251381
6 0.054501 -0.304478 0.060861 0.046484 0.047087 0.095545
6 0.064634 -0.285233 0.060556 0.035873 0.043044 0.081126
1 0.040961 -0.128411 0.021453 -0.000750 0.030937 0.035809
2 0.060370 0.115041 -0.044415 -0.069778 -0.007706 -0.053512
2 -0.223398 0.450640 -0.099346 -0.074855 -0.005557 -0.047483
2 -0.627692 1.718061 -0.400016 -0.299207 -0.092197 -0.298950
6 0.074378 -0.273004 0.051275 0.026317 0.043317 0.077717
2 -0.169709 0.291342 -0.070689 -0.043137 0.007318 -0.015125
6 0.074613 -0.316497 0.062139 0.041535 0.047408 0.090802
6 0.060913 -0.319772 0.069471 0.048314 0.049928 0.091146
1 0.151154 -0.090313 -0.000969 -0.044780 0.005498 -0.020589
1 0.093280 -0.267656 0.051309 0.023277 0.037516 0.062275
6 0.056834 -0.267309 0.054193 0.036214 0.041730 0.078337
1 0.250102 -0.037457 -0.018091 -0.098649 -0.010461 -0.085443
2 -0.163425 0.370431 -0.091304 -0.071216 -0.003819 -0.040666
2 -0.438034 1.034117 -0.232523 -0.161028 -0.047678 -0.154854
6 0.068710 -0.286502 0.053933 0.032735 0.044640 0.086483
2 -0.014284 0.057270 -0.021332 -0.031680 0.013691 -0.003665
6 0.017576 -0.244251 0.050057 0.046795 0.040558 0.089264
6 -0.039606 -0.169689 0.042561 0.046164 0.039077 0.081493
1 0.079045 -0.274773 0.052387 0.028282 0.040270 0.074789
6 0.000173 -0.266725 0.061103 0.060803 0.046123 0.098523
6 -0.007670 -0.155930 0.032059 0.028252 0.034719 0.068569
1 0.070798 -0.185245 0.031319 0.006825 0.032463 0.043841
6 0.030878 -0.235901 0.051780 0.040394 0.038094 0.074756
2 -0.550242 1.413373 -0.326372 -0.235577 -0.070953 -0.230228
6 0.048851 -0.304253 0.065897 0.053079 0.045750 0.090676
1 0.067499 -0.248656 0.053178 0.030436 0.036544 0.060999
1 0.100115 0.092943 -0.037072 -0.078776 -0.009964 -0.067246
6 0.051535 -0.236039 0.046203 0.027098 0.038867 0.072336
6 -0.003797 -0.223371 0.046486 0.048969 0.042146 0.089567
6 0.074420 -0.307739 0.062845 0.040608 0.045078 0.084788
6 0.033657 -0.246674 0.052466 0.035470 0.044430 0.080651
1 0.209887 -0.020381 -0.019749 -0.087673 -0.008918 -0.073165
6 -0.008452 -0.198233 0.044998 0.043792 0.036990 0.080906
1 0.099283 0.098152 -0.039646 -0.080046 -0.010009 -0.067735
2 -0.338894 1.016547 -0.249677 -0.201601 -0.042972 -0.183404
2 -0.383403 0.935025 -0.222520 -0.166705 -0.023348 -0.139049
1 0.081875 -0.311895 0.064985 0.037833 0.046053 0.081149
1 0.087395 0.041691 -0.021468 -0.061945 0.001581 -0.047254
6 -0.029337 -0.071667 0.014646 0.014627 0.026606 0.045124
1 0.239421 -0.075459 -0.004397 -0.081915 -0.006056 -0.071595
2 -0.213916 0.403925 -0.088129 -0.053791 -0.013497 -0.034592
6 0.045325 -0.271566 0.056360 0.039876 0.045084 0.084920
